Detector type	MS257_IN [nm]	MS257_OUT [nm]	Signal	Mirror pos.	Shut.	Timetr.[s]	Abs date and time
GUV 		0.00000 	0.00000 	[ 3.03588264 -0.83641393  2.55177731  2.54243879 -3.0897833   3.27538725
 -1.36505915 -0.98561686  0.29753444  0.80232013 -1.92478194 -0.49294206
  0.15453967  2.78967938  0.40546504  0.38861498  2.21308221 -4.59935439
 -0.33785778]	A	off-on	0015.04		181017 08:17:27.3624
GUV 		0.00000 	0.00000 	[-0.05084665  0.38333219  0.06116155  1.52166743 -0.33630216  0.04998659
  2.95425357  2.28301891  2.05237982  2.7942017  -1.7643048  -3.8718866
 -2.32819768  0.93094291  4.15037686 -5.50408373  2.23178032  5.74622593
 -2.00733576]	A	off-on	0030.09		181017 08:17:42.9302
GUV 		0.00000 	0.00000 	[-3.14788228  0.42164443 -2.2823543  -0.19743445  0.13009854 -3.30736839
 -1.72454684  0.49793733  2.75933171  1.32893018 -5.22939078  2.57090811
  2.52628158 -1.80232345  0.98211223  1.45077319 -1.47163357  0.25415988
 -1.17956611]	A	off-on	0045.24		181017 08:17:57.2368
