Detector type	MS257_IN [um]	MS257_OUT [um]	Signal	Mirror pos.	Shut.	Timetr.[s]	Abs date and time
Keithley 	1.15000e+00 	1.15000e+00 	4.920904	A	off	0006.63		190114 11:14:13.2540
GUV 		1.15000e+00 	1.15000e+00 	[  8.86   -10.367   -6.2631  -4.33    -6.91    -2.97    -1.343   -0.917
  -0.476   -3.25     0.473   18.7186   6.465   -9.325    8.163   11.071
  16.5475 -10.428   -1.66  ]	A	off	0006.75		190114 11:14:13.3739
Keithley 	1.15500e+00 	1.15500e+00 	5.753722	A	off	0009.11		190114 11:14:15.7345
GUV 		1.15500e+00 	1.15500e+00 	[  6.34    -9.333   -4.44     7.809   -6.3    -19.2755   9.405   11.442
   0.881  -11.169   -3.7609  17.5786   5.925   -9.198    9.553    3.573
   8.5265 -12.053    3.91  ]	A	off	0009.23		190114 11:14:15.8560
Keithley 	1.16000e+00 	1.16000e+00 	3.199826	A	off	0011.28		190114 11:14:17.9037
GUV 		1.16000e+00 	1.16000e+00 	[-11.1372  -6.458    2.931   -7.7441 -17.662   -0.49     5.415    0.61
  17.193   -8.302    1.347    1.4656  11.285    3.81    -6.9598   1.53
   4.9025  -2.36     0.09  ]	A	off	0011.41		190114 11:14:18.3131
Keithley 	1.16500e+00 	1.16500e+00 	-2.127425	A	off	0013.45		190114 11:14:20.6872
GUV 		1.16500e+00 	1.16500e+00 	[  6.12    -2.18    -2.548    7.749  -19.1937 -11.421   -4.989    3.94
  10.113   -4.27     1.634    7.1986   5.425    6.61    12.363    0.106
   1.0945 -11.949   -4.32  ]	A	off	0013.50		190114 11:14:20.1194
Keithley 	1.17000e+00 	1.17000e+00 	10.34815	A	off	0016.87		190114 11:14:23.4975
GUV 		1.17000e+00 	1.17000e+00 	[  4.02   -17.252   -3.432    5.309   -6.76   -14.49     8.845    9.612
  15.613  -13.685   12.469    3.6446  12.895    8.78     7.973    2.641
  12.8175 -11.319   -4.344 ]	A	off	0016.93		190114 11:14:23.5552
Keithley 	1.17500e+00 	1.17500e+00 	13.92727	A	off	0019.02		190114 11:14:25.6469
GUV 		1.17500e+00 	1.17500e+00 	[ -6.271    -7.628    -6.4673    5.609     0.9     -11.039    -5.4747
   8.612     9.443    -5.66      0.941     0.0248   -6.40692   2.27
  -2.029    -4.3397    8.7825   -2.78     -0.4    ]	A	off	0019.07		190114 11:14:25.6979
Keithley 	1.18000e+00 	1.18000e+00 	15.39228	A	off	0021.18		190114 11:14:27.7993
GUV 		1.18000e+00 	1.18000e+00 	[  6.79    -9.941   -0.848   -5.036    0.51   -17.155   -2.737   -6.3291
   4.437   -2.59    16.829    0.9729  10.245    6.73    -7.1478  10.081
  11.9175  -7.44    -0.43  ]	A	off	0021.25		190114 11:14:27.8760
Keithley 	1.18500e+00 	1.18500e+00 	1.965295	A	off	0023.44		190114 11:14:30.6067
GUV 		1.18500e+00 	1.18500e+00 	[  0.2    -13.296   -1.633   11.429  -16.823  -19.8644   7.565   13.842
  13.723  -16.579   15.229   17.7086   7.245    7.89    -6.7406   3.067
   0.8645  -9.698    0.97  ]	A	off	0023.73		190114 11:14:30.3513
Keithley 	1.19000e+00 	1.19000e+00 	18.41405	A	off	0025.83		190114 11:14:32.4534
GUV 		1.19000e+00 	1.19000e+00 	[  0.84    -4.17    13.544    2.03   -14.525   -8.76     6.235   -6.4084
  11.893   -3.52    12.449    5.8616   5.675   -3.005    2.938   -2.522
  14.4175 -17.898   -5.918 ]	A	off	0026.04		190114 11:14:32.6639
Keithley 	1.19500e+00 	1.19500e+00 	9.429936	A	off	0028.08		190114 11:14:34.7071
GUV 		1.19500e+00 	1.19500e+00 	[  7.36     -7.539    -0.602    10.749    -6.31    -12.427    -5.7981
   1.19     10.503   -11.176    14.409     0.24542   4.035     0.97
   8.103    -0.794    13.7775  -10.351   -14.5375 ]	A	off	0028.24		190114 11:14:34.8616
