Detector type	MS257_IN [nm]	MS257_OUT [nm]	Signal	Mirror pos.	Shut.	Timetr.[s]	Abs date and time
Keithley 	300.00000 	300.00000 	-9.666263e+00	A	off-on	0008.90		181018 15:59:29.1275
GUV 		300.00000 	300.00000 	[ 10.53824891  12.84037754  -4.0556388    9.64116137   2.0095017
  12.45925362   3.07237195   3.28376902   1.44708569  -1.24921972
   8.05374911 -14.14246944  -2.67670193  -8.57734625  -7.34362952
  -9.07598587  -7.86350473   4.18001232  -7.80411615]	A	off-on	0009.01		181018 15:59:29.2279
Keithley 	300.00000 	300.00000 	1.522218e+01	B	off-on	0014.96		181018 15:59:35.1817
GUV 		300.00000 	300.00000 	[ -9.17061631 -13.5529834    3.84792525   1.42538138  -7.80323818
  -1.31977564   3.26000652  -3.51845298 -16.97825004  10.35526901
   7.81878243   6.9331975   -6.66973144  -4.68815885   8.1723063
 -11.16083933  -3.74109303   5.3417357    1.53730875]	B	off-on	0015.06		181018 15:59:35.2822
Keithley 	301.00000 	301.00000 	3.844330e+00	A	off-on	0023.90		181018 15:59:44.1201
GUV 		301.00000 	301.00000 	[  9.56839825  -4.48040833   5.29853034   4.7191721   -0.91908084
  16.63091026  13.54062499   1.04116926   5.91442144   4.64625119
   0.5931846   -6.62971178  -8.54418285  -0.17769077  10.05318892
 -10.06898776  14.76579756  -9.44743661   4.56471181]	A	off-on	0024.00		181018 15:59:44.2225
Keithley 	301.00000 	301.00000 	6.759346e+00	B	off-on	0029.91		181018 15:59:50.1343
GUV 		301.00000 	301.00000 	[ -0.14728788  15.06902385  18.62541845  15.45605367   2.3419739
   9.98249242   2.81385391   7.41380858 -15.64587164   1.17590127
   7.57832059  10.78548684 -11.89210159   8.48946675  -0.86479071
  -1.67228256  -5.4238435   -0.62039972  11.37357113]	B	off-on	0030.01		181018 15:59:50.2366
Keithley 	302.00000 	302.00000 	-8.324276e-01	A	off-on	0039.00		181018 15:59:59.2218
GUV 		302.00000 	302.00000 	[  0.90719458  -6.06374288  -1.86889801  13.28602033   4.00990484
   7.76993146   2.17482619 -10.35910579   5.03395286  -4.83150763
  -4.656135    -3.96310242  13.19635623   1.62431674  13.33078298
  12.42405235  -1.38289344   6.12061338  -6.56886516]	A	off-on	0039.12		181018 15:59:59.3409
Keithley 	302.00000 	302.00000 	-5.584126e+00	B	off-on	0045.13		181018 16:00:05.3571
GUV 		302.00000 	302.00000 	[ -0.76179386   4.41222356   8.230447    -2.59059314 -14.38507098
  -9.91050124   4.9352323    2.07905063  -6.10164772 -17.45104051
   1.71050751  -0.55116839 -15.07676282  -1.58202756  13.50176838
  10.74264409  -2.11800329   2.10164063 -11.36227798]	B	off-on	0045.26		181018 16:00:05.4832
