Detector type	MS257_IN [nm]	MS257_OUT [nm]	Signal	Mirror pos.	Shut.	Timetr.[s]	Abs date and time
Keithley 	3e-07 	3e-07 	14.03162	A	on<->off	0008.87		181024 08:52:57.5208
GUV 		3e-07 	3e-07 	[  3.712061     4.539672    -0.64402     11.925085    -9.274471
   4.611834     0.39214204   4.34568      0.93446     -4.6409185
 -12.223459     6.11873      1.752938     0.809463    16.471479
 -13.181795   -18.1136166    0.770492    -7.34443   ]	A	on<->off	0009.01		181024 08:52:57.6632
Keithley 	3e-07 	3e-07 	-10.28599	B	on<->off	0014.02		181024 08:53:02.6775
GUV 		3e-07 	3e-07 	[ -0.61118  -18.42571    4.53843    9.969412   6.613592 -15.212406
   2.57574    3.48966    8.677177  -3.988649   5.681437  -1.173875
  -4.393403   9.870247 -13.680397  14.420718  14.799028   9.507505
  -9.968174]	B	on<->off	0014.16		181024 08:53:02.8131
Keithley 	3.01e-07 	3.01e-07 	0.60693	A	on<->off	0022.99		181024 08:53:11.6423
GUV 		3.01e-07 	3.01e-07 	[  4.14642    -0.19074   -16.1018936   3.46472     2.720853    2.69723
  -5.12215    15.467496    2.5590767 -15.711903   -9.329876   -9.782752
  12.43339     3.170662    0.859218   -3.110367    8.21876    -5.852372
   1.17224  ]	A	on<->off	0023.09		181024 08:53:11.7476
Keithley 	3.01e-07 	3.01e-07 	-5.295944	B	on<->off	0027.95		181024 08:53:16.6042
GUV 		3.01e-07 	3.01e-07 	[-14.685301    1.6966217 -10.257135    8.843553    3.283371  -12.0045472
  -4.80175    -0.04245    18.403914   11.869728   -5.7181147  -1.91874
  12.623518    4.001704  -13.458145   -7.414143    9.3118471  12.029894
  13.550299 ]	B	on<->off	0028.07		181024 08:53:16.7257
Keithley 	3.02e-07 	3.02e-07 	10.73721	A	on<->off	0037.13		181024 08:53:25.7855
GUV 		3.02e-07 	3.02e-07 	[  0.49391    -6.4482245  -7.076933    7.2307784 -13.1738915 -10.325983
  -5.7384      1.73784    -2.0354316   1.867013    1.5228      2.96885
  -4.939873    2.392426   10.998805    3.47242     4.795487   -3.65748
  -8.346144 ]	A	on<->off	0037.23		181024 08:53:25.8888
Keithley 	3.02e-07 	3.02e-07 	-1.472492	B	on<->off	0042.16		181024 08:53:30.8183
GUV 		3.02e-07 	3.02e-07 	[  1.55459    -9.0692896  -7.25704     5.17814    -2.39832    14.476758
  11.536082    4.62776   -14.2544302   3.45401    -9.771682    3.31532
   2.867505    8.240308  -10.4370403   4.628161   -3.337192   14.983761
   5.615553 ]	B	on<->off	0042.26		181024 08:53:30.9190
Keithley 	3.03e-07 	3.03e-07 	-8.615843	A	on<->off	0051.24		181024 08:53:39.8995
GUV 		3.03e-07 	3.03e-07 	[  5.8649872   -0.25074      5.376829    12.902996    -7.6695919
 -15.520384    -5.08181021  -2.290825     1.919189     8.8391
  -4.58408      0.362651    -0.3076419    1.330601    -3.25526
  -1.39626      1.70575      5.261289     4.513873  ]	A	on<->off	0051.34		181024 08:53:40.5300
Keithley 	3.03e-07 	3.03e-07 	-5.58258	B	on<->off	0056.27		181024 08:53:44.9272
GUV 		3.03e-07 	3.03e-07 	[ -2.68151    -3.7725305   1.40409    -2.018734   -1.280708   -4.0973753
  -8.32601    -2.502245  -13.523652  -16.163126   14.374753    8.323858
   6.02398    -9.5773385   7.266336   -1.956356    1.346619    4.067006
 -14.738025 ]	B	on<->off	0056.37		181024 08:53:45.2873
Keithley 	3.04e-07 	3.04e-07 	-12.32248	A	on<->off	0065.32		181024 08:53:53.9760
GUV 		3.04e-07 	3.04e-07 	[ -4.675116   -2.7519423   5.47123     1.11078    -7.637038    5.29964
   7.262082  -10.419449    5.804702    7.103757   -6.34045    -0.41614
   9.411718   12.841831    2.047      11.581576    2.933       1.457063
  10.596852 ]	A	on<->off	0065.42		181024 08:53:54.7709
Keithley 	3.04e-07 	3.04e-07 	5.08383	B	on<->off	0070.35		181024 08:53:59.4634
GUV 		3.04e-07 	3.04e-07 	[-11.422476   10.054709    5.685656   13.6555566  -1.63529     4.72331
  -9.726304   15.496676   -6.50736     3.23772     6.7178669  -7.92461
  -5.458386   -9.521561   11.808134   -8.763838    9.558255    5.774352
   3.11465  ]	B	on<->off	0070.45		181024 08:53:59.1056
Keithley 	3.05e-07 	3.05e-07 	-7.415641	A	on<->off	0079.36		181024 08:54:08.1782
GUV 		3.05e-07 	3.05e-07 	[ 16.530754   -5.224834    0.800723   13.9993981   0.502518   -1.39425
   5.261084   10.1879161  -7.826299   -6.394192   14.0822216  -1.816576
  11.396208   -7.418104    6.191589  -17.6434656  13.8209434  11.1161496
  -4.5728784]	A	on<->off	0079.46		181024 08:54:08.1197
Keithley 	3.05e-07 	3.05e-07 	0.63671	B	on<->off	0084.47		181024 08:54:13.1212
GUV 		3.05e-07 	3.05e-07 	[  4.34907   -10.375985    9.215605    4.1854     17.177454    7.7741369
 -17.8247731 -13.424808    1.24262     6.810375    4.87641     4.04616
  11.08705     4.5463    -11.195048   -6.22204   -11.900056    6.431709
   4.17723  ]	B	on<->off	0084.59		181024 08:54:13.2434
Keithley 	3.1e-07 	3.1e-07 	8.193069	A	on<->off	0093.59		181024 08:54:22.2431
GUV 		3.1e-07 	3.1e-07 	[-11.758618   -7.8653037   6.581694   -2.05191     3.748561    2.65176
   8.051489    3.3507     -4.428808   -8.647845   14.571139   -5.233712
   2.541383   -5.964837   -5.528144    9.8474063   6.063692   -5.736263
  -8.8493578]	A	on<->off	0093.69		181024 08:54:22.3450
Keithley 	3.1e-07 	3.1e-07 	2.287443	B	on<->off	0098.66		181024 08:54:27.3166
GUV 		3.1e-07 	3.1e-07 	[  2.617662   10.062429    0.8266     -4.004685   -4.83291    -5.05706
   7.429634    8.499129   -8.0921618 -12.940132   -2.46596     2.97011
   6.556934   -9.2180508 -11.423917   11.664814   -4.95187     3.720161
  -1.58646  ]	B	on<->off	0098.76		181024 08:54:27.4182
Keithley 	3.11e-07 	3.11e-07 	7.837234	A	on<->off	0107.65		181024 08:54:36.3029
GUV 		3.11e-07 	3.11e-07 	[  5.490492   -6.71374    -4.18451    -7.579854   13.8315336 -16.129402
  -2.629057   -9.2269303  -8.729662  -13.515788  -11.466292   13.508401
  -7.776624    7.829979   -7.719043   -2.9399473   2.883159   -7.200401
  -3.65881  ]	A	on<->off	0107.77		181024 08:54:36.4269
Keithley 	3.11e-07 	3.11e-07 	1.670544	B	on<->off	0112.78		181024 08:54:41.4370
GUV 		3.11e-07 	3.11e-07 	[  4.850948    14.575887    -6.291456    15.612589     0.49453
  -3.007589    -2.92796     -2.49464     -5.559055    14.49314365
  -6.40018     13.198743     5.523564    14.876886   -12.755799
   1.730909   -15.2377273    8.01245     -3.834142  ]	B	on<->off	0112.88		181024 08:54:41.5383
Keithley 	3.12e-07 	3.12e-07 	2.773243	A	on<->off	0121.83		181024 08:54:50.4816
GUV 		3.12e-07 	3.12e-07 	[ 11.3870251   7.7415324  -5.188446   -5.345609   -6.004576  -16.333273
  -6.70483    11.5656955  12.332693   11.2446721  -3.13297   -10.9721222
  -4.54616    -3.32328    12.267064   -2.371578   -2.83861    -3.348797
  -7.0306012]	A	on<->off	0121.93		181024 08:54:50.5829
Keithley 	3.12e-07 	3.12e-07 	13.07946	B	on<->off	0126.84		181024 08:54:55.4924
GUV 		3.12e-07 	3.12e-07 	[ -5.000848    0.981026   -2.96902    -5.053131   -7.86773     3.43659
  -0.38675   -10.896934    0.03657    12.475536  -11.553905   -5.7944002
  -2.92824   -11.293936   -3.44466    -1.61142    17.178332   -7.123207
  10.290131 ]	B	on<->off	0126.94		181024 08:54:55.5944
Keithley 	3.13e-07 	3.13e-07 	-11.80854	A	on<->off	0135.93		181024 08:55:04.5855
GUV 		3.13e-07 	3.13e-07 	[ -4.7285641   2.46473     0.333225   -5.533513   -4.065586    4.46586
 -11.77001    -2.741275  -10.134129  -20.657691    8.7296116 -14.2588544
 -18.910551   19.7126931   1.935003   -5.539237  -13.527846   -4.38169
  -5.1891347]	A	on<->off	0136.03		181024 08:55:04.6867
Keithley 	3.13e-07 	3.13e-07 	-8.102006	B	on<->off	0140.92		181024 08:55:09.5791
GUV 		3.13e-07 	3.13e-07 	[ -2.422022  -12.872128  -20.4996719   8.95796     3.21651     7.40236
  -4.634752    6.23131     6.866265   14.5749246   5.8883112   4.622948
  -2.082495   -0.746872    5.816064   -7.172434   -3.17578    -9.874342
   2.561304 ]	B	on<->off	0141.03		181024 08:55:09.6818
Keithley 	3.14e-07 	3.14e-07 	-2.131992	A	on<->off	0149.90		181024 08:55:18.5529
GUV 		3.14e-07 	3.14e-07 	[ 17.5872231   -9.828384    -0.1947112   -3.5450138   -5.732905
   5.13635      1.49774     14.5492577    9.112676    11.569342
 -10.4355107   -6.1927      -8.287401    -5.0711546    0.856927
  -8.11556    -18.62950329  -1.97192     11.842956  ]	A	on<->off	0150.00		181024 08:55:18.6578
Keithley 	3.14e-07 	3.14e-07 	-0.85926	B	on<->off	0154.94		181024 08:55:23.5925
GUV 		3.14e-07 	3.14e-07 	[  7.96291    -13.617673    11.360386     7.032803    -2.6818757
   2.033483    13.693898     8.053438    12.01213364  -3.615093
  17.85577397  -3.22938     -4.41042      1.404928    -3.30537
   8.2828876   -4.465188   -15.810001     6.88549   ]	B	on<->off	0155.04		181024 08:55:23.6950
Keithley 	3.15e-07 	3.15e-07 	-10.99135	A	on<->off	0163.81		181024 08:55:32.4697
GUV 		3.15e-07 	3.15e-07 	[  2.9649874  -20.3487077    3.40076     -3.16376      3.1173
 -18.199474    19.36361794   8.674799    -9.756758   -17.992646
  -9.8044135    2.020503     9.500202    -6.742461   -19.63041855
   0.70413      2.87004     -0.764319     4.818036  ]	A	on<->off	0163.96		181024 08:55:32.6117
Keithley 	3.15e-07 	3.15e-07 	9.040628	B	on<->off	0168.90		181024 08:55:37.5548
GUV 		3.15e-07 	3.15e-07 	[  3.139941    1.62389    -7.99362    -2.00117    -2.52589    12.653781
  -2.52633    -4.3761     -5.9558004  -3.24517    -0.819574    2.504156
   3.8461      7.054647   -8.021176  -11.624862   -9.698337    1.473397
  -2.09442  ]	B	on<->off	0169.00		181024 08:55:37.6566
